           2           1   1.45579863601002     
           3           2  0.988165191887070     
           4           2   1.27658400820814     
           5           4  0.987424425530615     
           6           4   1.46214583573809     
           7           6   1.29774813485296     
           8           1   1.30715655076379     
           8           7   1.20757029946267     
           9           8   1.29490036245444     
          10           9   1.46997504605609     
          11          10   1.24484327425248     
          12           7   1.30661940552763     
          12          11   1.47005472471004     
          13          11   1.02875847741904     
          14          13   1.80379573273677     
          15          13  0.992548995747318     
          16          10   1.06490000443411     
          16          15   1.06833526630606     
          17          16   1.56287472965601     
          18          17   1.08407432466178     
          19          18   2.78875369417079     
          20          17   1.07823430200962     
          21          20   2.79440818649683     
          22          15   1.72491311794087     
          23          22   1.07289667392959     
          24          23   1.59314829318852     
          25          24   1.18907278700625     
          26          25   1.29217763529383     
          27          26   1.06563910916649     
          28          27   1.54014320713231     
          29          28   1.29476764219083     
          30          29   1.56618328382295     
          31          27   1.14366498837858     
          31          30   1.18486108916498     
          32          30   1.03447429406170     
          33          26   1.34056925880186     
          34          33   1.27701406818825     
          35          34   1.28266229676344     
          36          25   1.28329184559015     
          36          35   1.34692113433941     
          37          23   1.12113107378613     
          37          36   1.09551342544539     
          38          35   1.07219171039383     
          39          38   1.53475123447158     
          40          39   1.29804971849348     
          41          40   1.56322602366054     
          42          38   1.14262768891300     
          42          41   1.18640187851771     
          43          41   1.03541329299190     
          44          34   1.20252876909243     
          45          44   1.57257363324016     
          46          33   1.11729268807628     
          46          45   1.14057741690404     
          47          45   1.06782696941974     
          48          47   1.43797211884475     
          49          48   1.38668347591445     
          50          49   1.43807003342801     
          51          50   1.22379278302806     
          52          47   1.23472926908889     
          52          51   1.20533312250474     
          53          52   1.32104253999257     
          54          53   1.45582382931181     
          55          54   1.30142650552128     
          56          51   1.33034692444617     
          56          55   1.45269368781675     
          57          55   1.02539914574080     
          58          54   1.02651719089129     
          59          50   1.08067947673306     
          60          59   1.54970433448308     
          61          60   1.21135855984504     
          62          61   1.27440831068330     
          63          62   1.07373567281704     
          64          63   1.53367783520311     
          65          64   1.29488553915354     
          66          65   1.56316230063987     
          67          63   1.14553667053369     
          67          66   1.18847835682152     
          68          66   1.03495788436342     
          69          62   1.35469258368032     
          70          69   1.26234154414815     
          71          70   1.27558728213125     
          72          61   1.26907668836007     
          72          71   1.34704002380373     
          73          59   1.14739532146832     
          73          72   1.12497720679828     
          74          71   1.06863240179540     
          75          74   1.53364159688685     
          76          75   1.29744117773643     
          77          76   1.56126942529259     
          78          74   1.14403600362172     
          78          77   1.18720924163268     
          79          77   1.03693544549002     
          80          70   1.23748166797110     
          81          80   1.49783949080249     
          82          69   1.10007186280946     
          82          81   1.12395208748050     
          83          81   1.17379812402473     
          84          83   1.63154193784141     
          85          84  0.992991488137983     
          86          85   1.77854061888429     
          87          85   1.03405242132405     
          88          87   1.47569535234185     
          89          88   1.29974095483387     
          90          89   1.21465017999078     
          91          90   1.30870051480516     
          92          91   1.45428730442765     
          93          92   1.28249568786862     
          94          89   1.30025718819918     
          94          93   1.45875635366228     
          95          93  0.982977877930075     
          96          92  0.984925816349451     
          97          90   1.28372121940610     
          98          87   1.23853987637679     
          98          97   1.48599462950114     
          99          84   1.10164441590044     
          99          98   1.05124983884038     
         100          99   1.53840996705634     
         101         100   1.08493975224215     
         102         101   2.78488728400072     
         103         100   1.08666084882210     
         104         103   2.78163075146410     
         105           1  0.961766110183931     
         106           6  0.961410078535588     
         107           9  0.961686609889514     
         108          12  0.961208011643591     
         109          22  0.940730381906236     
         110          24  0.963087824975025     
         111          28  0.963751689106265     
         112          29  0.966233763903666     
         113          32  0.972107392571644     
         114          32  0.983840032768334     
         115          32  0.967212603387817     
         116          39  0.963344820118695     
         117          40  0.966034082938352     
         118          43  0.969854267225773     
         119          43  0.984161939665852     
         120          43  0.967694199571190     
         121          44  0.962057203835862     
         122          48  0.967281912254647     
         123          49  0.965557505824773     
         124          57  0.978217555011796     
         125          57  0.958923103194633     
         126          57  0.976183422791579     
         127          58  0.982152353433986     
         128          58  0.969130651555601     
         129          58  0.962299335133991     
         130          60  0.961939643330528     
         131          64  0.965175526725452     
         132          65  0.966383669296496     
         133          68  0.977186143652839     
         134          68  0.979647173039250     
         135          68  0.964731241863574     
         136          75  0.964226632040700     
         137          76  0.966120392430864     
         138          79  0.977557577499256     
         139          79  0.963164609128961     
         140          79  0.978931481773793     
         141          80  0.959076693489096     
         142          83  0.939366768696284     
         143          88  0.961047467096890     
         144          91  0.962170543373079     
         145          94  0.962181584489555     
         146          97  0.962434242958509     
