           2           1  0.901619095629510     
           3           2  0.904696593696340     
           4           2  0.845960793690346     
           5           4   1.35877650486463     
           6           5   1.46260262417151     
           7           6   1.13443146403963     
           8           7   1.14927458709884     
           9           8   1.20155343422498     
          10           9   1.52409201418487     
          11          10  0.987411345725300     
          12           7   1.44288530142693     
          12          10   1.23056663580892     
          13          12  0.984546949058533     
          14           6   1.14195039231505     
          15           4   1.43347216842178     
          15          14   1.18500141154508     
          16          15   1.16711124068260     
          17          16   1.20305948037498     
          18          17   1.13702277979161     
          19          18   1.12324293285391     
          20          19   1.49868350723624     
          21          20   1.22662425149080     
          22          21   1.49287748344367     
          23          22   1.12997417843608     
          24          23   1.44622307299501     
          25          24   1.37978582587355     
          26          25   1.41590555516029     
          27          23   1.13491343416517     
          27          26   1.21047452621808     
          28          26   1.16338570155520     
          29          28   1.18707700855184     
          30          29   1.14042917561925     
          31          30   1.13417678352921     
          32          31   1.14960975335577     
          33          32   1.20231365726858     
          34          33   1.52333088298772     
          35          34  0.987701087283441     
          36          31   1.44275563918238     
          36          34   1.23072048675959     
          37          36  0.984294001335194     
          38          30   1.46398953731929     
          39          28   1.43385643631476     
          39          38   1.35907492488475     
          40          25  0.845912893802759     
          40          39  0.847408006418299     
          41          40  0.905050273613574     
          42          40  0.905278584909693     
          43          22   1.16035558328485     
          44          43   1.47652143475209     
          45          44   1.14210921278295     
          46          45   1.14624841484211     
          47          19   1.15963835018807     
          47          43   1.14927886782020     
          47          46   1.47700450326327     
          48          18   1.45067837383026     
          49           2  0.845874724397472     
          49          16   1.41866877416922     
          49          48   1.37465588948345     
          50           1  0.985782686145380     
          51           1  0.983688050428691     
          52           1  0.985162708452131     
          53           3  0.984519159265517     
          54           3  0.983076384888984     
          55           3  0.984554949900341     
          56           5  0.963998116982817     
          57           9  0.965905988162487     
          58          24  0.963476178910771     
          59          33  0.965877706745081     
          60          38  0.964180439349941     
          61          41  0.983123136645981     
          62          41  0.985081886272402     
          63          41  0.984072656255621     
          64          42  0.983036544944446     
          65          42  0.984277442279806     
          66          42  0.984570381936006     
          67          48  0.963356528007836     
