59
 SCF done       -138.534271731113          0.000284838236
C          -1.85948789247751   -3.23324460371086   -3.96813827499509
N          -0.76567131693401   -3.07006182791897   -4.64868411258588
O           0.00972787392400   -2.20506443080072   -3.98560432375920
C          -0.61006014775253   -1.80751534201799   -2.84711946498583
C           0.11441095178979   -0.85846030167659   -2.02870994836503
O          -0.25226119693626   -0.38739138568061   -0.97899442419522
C          -1.84903715940142   -2.45049363808928   -2.77628149760817
C          -2.89172245155501   -2.39575641202993   -1.80763943408790
C          -2.93701747305577   -1.69406851113435   -0.62326471843683
C          -4.14003084481155   -1.90018193791659    0.05106818178186
C          -5.02640923105950   -2.76048979089898   -0.61527113746584
S          -4.35670538206040   -3.32629224420634   -2.09538977129136
C          -6.22397858870969   -2.94136722710673    0.07902074858186
C          -6.24434704386931   -2.21614118277190    1.28090668920813
S          -4.78254359433887   -1.30754658223014    1.55618914549558
C          -7.42357953324836   -2.36686467750351    1.99977657621261
C          -8.31973996631232   -3.20554036078143    1.35639518223140
S          -7.69157785363071   -3.81853113656331   -0.16117627888165
C          -9.61908064689278   -3.57184628530744    1.80571700293620
C         -10.45042422032992   -4.42324338601905    1.04775705751358
C         -11.76764411916329   -4.79786368329752    1.47309441303755
N         -12.50375238900410   -5.61373905942379    0.69200801851359
C         -12.01800629522336   -6.04699355789355   -0.42461048886036
C         -10.71334279989855   -5.67505869561919   -0.84653093154156
N          -9.97879098064381   -4.89495490214525   -0.12381082380721
F         -10.21335729661525   -6.11886141985082   -1.99478012331184
F         -12.77321393797526   -6.85060285909584   -1.16574172620984
C         -12.33308316594855   -4.34712527328477    2.68450790862623
C         -11.50435311451065   -3.49792643763431    3.45585312892169
C         -10.17588790651419   -3.11670561112243    3.02461445091935
N          -9.58855521973964   -2.31024853863482    3.91024451695988
S         -10.58170990892042   -2.05635564605490    5.14206428623547
N         -11.81149591130822   -2.94795730177682    4.63185364383900
C         -13.64587311250127   -4.72618867974186    3.08113444009129
C         -14.29671378935397   -4.36641467807497    4.25038162314680
C         -15.57667929693385   -4.90206670201173    4.31905073026681
C         -15.92141240462574   -5.67651458075564    3.19994100503447
S         -14.63274304817622   -5.74705250987213    2.05279454804957
C         -17.21538666316072   -6.19029836227549    3.30421300905674
C         -17.85208244202456   -5.81251797321505    4.49660946800242
S         -16.84947965682010   -4.81026554631501    5.50612543252411
C         -19.14818774859061   -6.30945397041153    4.62850004327667
C         -19.51486244640185   -7.06811703476750    3.53898342066084
S         -18.23943084519859   -7.17303566305434    2.33179721773788
C         -20.74610082808726   -7.73948311573241    3.29041534290692
C         -21.91189052946265   -7.85673750192692    4.05253955310012
O         -22.80000512259713   -8.60838044906370    3.35629032156826
N         -22.26583244785344   -8.97954084107561    2.18750794050198
C         -21.06603066224762   -8.48750436106695    2.11931456810754
C         -22.35712650180790   -7.38688092552217    5.34728850434278
O         -21.72786854452523   -6.70502272003330    6.12020711374304
H          -2.63118796444975   -3.88991784214467   -4.31610504069414
H           1.08636323405451   -0.59056272948942   -2.47881748280424
H          -2.13472060487699   -1.06773059915873   -0.27881533546398
H          -7.63998197708804   -1.89966470043154    2.94144332855268
H         -13.84357320593717   -3.74502667923357    4.99894254631638
H         -19.79510784160961   -6.13338512360765    5.46819232815318
H         -20.44853834111899   -8.66032804426221    1.26101815086181
H         -23.38143844548400   -7.73030441655942    5.57518375233467
